179.02970297029702  26.698019801980198  14.831683168316832
447.65384615384613  20.91346153846154  12.48076923076923
901.6382978723404  16.095744680851062  16.56382978723404
597.2526315789473  31.778947368421054  16.826315789473686
818.4597701149426  34.88505747126437  12.310344827586206
854.8260869565217  77.82608695652173  15.298136645962733
1212.7619047619048  88.77380952380952  12.821428571428571
367.715953307393  156.66926070038912  46.1011673151751
345.5466666666667  186.23333333333332  14.633333333333333
972.5591397849462  191.30107526881721  14.913978494623656
462.5238095238095  254.62857142857143  14.80952380952381
1659.2512315270935  263.6600985221675  19.408866995073893
191.8  267.4695652173913  14.156521739130435
1353.8508771929824  371.1929824561403  13.912280701754385
830.9227467811158  438.4077253218884  32.05579399141631
1342.6626506024097  434.7951807228916  11.891566265060241
791.1929824561404  447.7719298245614  12.228070175438596
1533.9065934065934  455.3956043956044  13.901098901098901
1205.840909090909  505.32954545454544  13.272727272727273
1432.0248756218905  515.6915422885572  20.049751243781095
1746.0882352941176  581.6176470588235  11.058823529411764
2010.4805194805194  590.6233766233767  13.14935064935065
1120.8311688311687  600.7012987012987  15.779220779220779
156.89361702127658  630.9574468085107  13.49645390070922
518.0783132530121  665.4216867469879  15.981927710843374
260.0637254901961  720.9901960784314  18.0
781.2173913043479  743.3623188405797  14.72463768115942
1594.3388429752067  774.1074380165289  15.198347107438016
169.47368421052633  813.7368421052631  13.333333333333334
1380.1348314606741  825.7078651685393  18.9438202247191
1762.2089552238806  848.1492537313433  13.671641791044776
1142.09604519774  904.4406779661017  18.638418079096045
