   0.0000000e+00
   0.0000000e+00
   0.0000000e+00
   0.0000000e+00
   0.0000000e+00
   0.0000000e+00
   1.0000000e+00
   8.0000000e+00
   2.4000000e+01
   3.5000000e+01
   4.7000000e+01
   6.0000000e+01
   7.2000000e+01
   9.0000000e+01
   1.0600000e+02
   1.3200000e+02
   1.4900000e+02
   1.7200000e+02
   1.9100000e+02
   2.0800000e+02
   2.3300000e+02
   2.5200000e+02
   2.8300000e+02
   3.0200000e+02
   3.2600000e+02
   3.5200000e+02
   3.8400000e+02
   4.0700000e+02
   4.3900000e+02
   4.6700000e+02
   4.9400000e+02
   5.3100000e+02
   5.5000000e+02
   5.7700000e+02
   6.0300000e+02
   6.2900000e+02
   6.6900000e+02
   7.0300000e+02
   7.2600000e+02
   7.6000000e+02
   7.9600000e+02
   8.3700000e+02
   8.7300000e+02
   9.1000000e+02
   9.5300000e+02
   9.9800000e+02
   1.0640000e+03
   1.1050000e+03
   1.1350000e+03
   1.1720000e+03
   1.2270000e+03
   1.2750000e+03
   1.3210000e+03
   1.3680000e+03
   1.4150000e+03
   1.4600000e+03
   1.5090000e+03
   1.5590000e+03
   1.6120000e+03
   1.6610000e+03
   1.7180000e+03
   1.7580000e+03
   1.8190000e+03
   1.8780000e+03
   1.9410000e+03
   1.9980000e+03
   2.0610000e+03
   2.1200000e+03
   2.1970000e+03
   2.2560000e+03
   2.3110000e+03
   2.3510000e+03
   2.4130000e+03
   2.4800000e+03
   2.5590000e+03
   2.6250000e+03
   2.7030000e+03
   2.7740000e+03
   2.8410000e+03
   2.9150000e+03
   2.9850000e+03
   3.0570000e+03
   3.1120000e+03
   3.1810000e+03
   3.2590000e+03
   3.3330000e+03
   3.3990000e+03
   3.4900000e+03
   3.5760000e+03
   3.6680000e+03
   3.7420000e+03
   3.8130000e+03
   3.8810000e+03
   3.9690000e+03
   4.0380000e+03
   4.1220000e+03
   4.2000000e+03
   4.2910000e+03
   4.3780000e+03
   4.4720000e+03
   4.5340000e+03
   4.6240000e+03
   4.7140000e+03
   4.8010000e+03
   4.8930000e+03
   4.9940000e+03
   5.0780000e+03
   5.1730000e+03
   5.2750000e+03
   5.3600000e+03
   5.4510000e+03
   5.5520000e+03
   5.6460000e+03
   5.7370000e+03
   5.8250000e+03
   5.9210000e+03
   6.0320000e+03
   6.1240000e+03
   6.2290000e+03
   6.3420000e+03
   6.4530000e+03
   6.5340000e+03
   6.6370000e+03
   6.7520000e+03
   6.8500000e+03
   6.9550000e+03
   7.0620000e+03
   7.1630000e+03
   7.2710000e+03
   7.3770000e+03
   7.4900000e+03
   7.6160000e+03
   7.7460000e+03
   7.8640000e+03
   7.9860000e+03
   8.1120000e+03
   8.2090000e+03
   8.3420000e+03
   8.4490000e+03
   8.5530000e+03
   8.6750000e+03
   8.8040000e+03
   8.9150000e+03
   9.0460000e+03
   9.1810000e+03
   9.2930000e+03
   9.4110000e+03
   9.5470000e+03
   9.6820000e+03
   9.7940000e+03
   9.9160000e+03
   1.0039000e+04
   1.0167000e+04
   1.0307000e+04
   1.0459000e+04
   1.0606000e+04
   1.0758000e+04
   1.0877000e+04
   1.1010000e+04
   1.1119000e+04
   1.1246000e+04
   1.1395000e+04
   1.1524000e+04
   1.1667000e+04
   1.1800000e+04
   1.1955000e+04
   1.2109000e+04
   1.2258000e+04
   1.2414000e+04
   1.2546000e+04
   1.2681000e+04
   1.2837000e+04
   1.3004000e+04
   1.3167000e+04
   1.3295000e+04
   1.3439000e+04
   1.3587000e+04
   1.3734000e+04
   1.3892000e+04
   1.4042000e+04
   1.4189000e+04
   1.4321000e+04
   1.4468000e+04
   1.4631000e+04
   1.4770000e+04
   1.4915000e+04
   1.5054000e+04
   1.5216000e+04
   1.5376000e+04
   1.5553000e+04
   1.5697000e+04
   1.5851000e+04
   1.5995000e+04
   1.6151000e+04
   1.6312000e+04
   1.6493000e+04
   1.6648000e+04
   1.6799000e+04
   1.6977000e+04
   1.7122000e+04
   1.7285000e+04
   1.7452000e+04
   1.7640000e+04
   1.7811000e+04
   1.7996000e+04
   1.8173000e+04
   1.8370000e+04
   1.8551000e+04
   1.8711000e+04
   1.8891000e+04
   1.9067000e+04
   1.9262000e+04
   1.9449000e+04
   1.9635000e+04
   1.9815000e+04
   1.9982000e+04
   2.0186000e+04
   2.0370000e+04
   2.0584000e+04
   2.0795000e+04
   2.0967000e+04
   2.1164000e+04
   2.1348000e+04
   2.1531000e+04
   2.1745000e+04
   2.1937000e+04
   2.2122000e+04
   2.2331000e+04
   2.2559000e+04
   2.2747000e+04
   2.2939000e+04
   2.3140000e+04
   2.3345000e+04
   2.3551000e+04
   2.3753000e+04
   2.3968000e+04
   2.4171000e+04
   2.4373000e+04
   2.4562000e+04
   2.4763000e+04
   2.4949000e+04
   2.5158000e+04
   2.5387000e+04
   2.5581000e+04
   2.5791000e+04
   2.6010000e+04
   2.6232000e+04
   2.6414000e+04
   2.6608000e+04
   2.6810000e+04
   2.7003000e+04
   2.7229000e+04
   2.7427000e+04
   2.7651000e+04
   2.7907000e+04
   2.8139000e+04
   2.8348000e+04
   2.8563000e+04
   2.8764000e+04
   2.8998000e+04
   2.9222000e+04
   2.9468000e+04
   2.9696000e+04
   2.9913000e+04
   3.0143000e+04
   3.0366000e+04
   3.0626000e+04
   3.0873000e+04
   3.1094000e+04
   3.1323000e+04
   3.1517000e+04
   3.1749000e+04
   3.1964000e+04
   3.2182000e+04
   3.2417000e+04
   3.2644000e+04
   3.2897000e+04
   3.3127000e+04
   3.3374000e+04
   3.3608000e+04
   3.3848000e+04
   3.4088000e+04
   3.4346000e+04
   3.4572000e+04
   3.4831000e+04
   3.5051000e+04
   3.5285000e+04
   3.5503000e+04
   3.5754000e+04
   3.6009000e+04
   3.6258000e+04
   3.6515000e+04
   3.6766000e+04
   3.7005000e+04
   3.7260000e+04
   3.7499000e+04
   3.7763000e+04
   3.8012000e+04
   3.8261000e+04
   3.8484000e+04
   3.8705000e+04
   3.8988000e+04
   3.9218000e+04
   3.9493000e+04
   3.9754000e+04
   4.0019000e+04
   4.0273000e+04
   4.0530000e+04
   4.0789000e+04
   4.1053000e+04
   4.1308000e+04
   4.1552000e+04
   4.1810000e+04
   4.2086000e+04
   4.2364000e+04
   4.2627000e+04
   4.2915000e+04
   4.3179000e+04
   4.3425000e+04
   4.3718000e+04
   4.4010000e+04
   4.4278000e+04
   4.4552000e+04
   4.4789000e+04
   4.5077000e+04
   4.5385000e+04
   4.5637000e+04
   4.5916000e+04
   4.6196000e+04
   4.6462000e+04
   4.6727000e+04
   4.7027000e+04
   4.7321000e+04
   4.7589000e+04
   4.7867000e+04
   4.8144000e+04
   4.8425000e+04
   4.8710000e+04
   4.9000000e+04
   4.9267000e+04
   4.9566000e+04
   4.9843000e+04
   5.0146000e+04
   5.0436000e+04
   5.0681000e+04
   5.0968000e+04
   5.1256000e+04
   5.1562000e+04
   5.1858000e+04
   5.2149000e+04
   5.2454000e+04
   5.2745000e+04
   5.3063000e+04
   5.3381000e+04
   5.3676000e+04
   5.3969000e+04
   5.4245000e+04
   5.4554000e+04
   5.4856000e+04
   5.5146000e+04
   5.5444000e+04
   5.5739000e+04
   5.6041000e+04
   5.6329000e+04
   5.6669000e+04
   5.6983000e+04
   5.7313000e+04
   5.7644000e+04
   5.7961000e+04
   5.8276000e+04
   5.8621000e+04
   5.8933000e+04
   5.9258000e+04
   5.9565000e+04
   5.9857000e+04
   6.0179000e+04
   6.0520000e+04
   6.0858000e+04
   6.1171000e+04
   6.1511000e+04
   6.1833000e+04
   6.2140000e+04
   6.2449000e+04
   6.2741000e+04
   6.3032000e+04
   6.3313000e+04
   6.3618000e+04
   6.3933000e+04
   6.4250000e+04
   6.4548000e+04
   6.4895000e+04
   6.5247000e+04
   6.5530000e+04
   6.5897000e+04
   6.6195000e+04
   6.6513000e+04
   6.6827000e+04
   6.7157000e+04
   6.7453000e+04
   6.7752000e+04
   6.8082000e+04
   6.8401000e+04
   6.8753000e+04
   6.9100000e+04
   6.9410000e+04
   6.9773000e+04
   7.0111000e+04
   7.0437000e+04
   7.0764000e+04
   7.1100000e+04
   7.1435000e+04
   7.1767000e+04
   7.2111000e+04
   7.2509000e+04
   7.2852000e+04
   7.3191000e+04
   7.3537000e+04
   7.3878000e+04
   7.4223000e+04
   7.4567000e+04
   7.4925000e+04
   7.5316000e+04
   7.5639000e+04
   7.5976000e+04
   7.6329000e+04
   7.6663000e+04
   7.7010000e+04
   7.7341000e+04
   7.7744000e+04
   7.8097000e+04
   7.8463000e+04
   7.8819000e+04
   7.9173000e+04
   7.9571000e+04
   7.9933000e+04
   8.0291000e+04
   8.0635000e+04
   8.0977000e+04
   8.1289000e+04
   8.1656000e+04
   8.2029000e+04
   8.2401000e+04
   8.2768000e+04
   8.3118000e+04
   8.3497000e+04
   8.3861000e+04
   8.4257000e+04
   8.4659000e+04
   8.5046000e+04
   8.5410000e+04
   8.5779000e+04
   8.6149000e+04
   8.6528000e+04
   8.6924000e+04
   8.7234000e+04
   8.7574000e+04
   8.7943000e+04
   8.8346000e+04
   8.8737000e+04
   8.9136000e+04
   8.9479000e+04
   8.9861000e+04
   9.0242000e+04
   9.0618000e+04
   9.0995000e+04
   9.1383000e+04
   9.1740000e+04
   9.2121000e+04
   9.2488000e+04
   9.2869000e+04
   9.3253000e+04
   9.3610000e+04
   9.4011000e+04
   9.4373000e+04
   9.4737000e+04
   9.5132000e+04
   9.5507000e+04
   9.5926000e+04
   9.6312000e+04
   9.6723000e+04
   9.7149000e+04
   9.7519000e+04
   9.7908000e+04
   9.8275000e+04
   9.8649000e+04
   9.9068000e+04
   9.9476000e+04
   9.9857000e+04
   1.0025800e+05
   1.0065900e+05
   1.0108500e+05
   1.0146500e+05
   1.0185000e+05
   1.0226000e+05
   1.0263200e+05
   1.0298300e+05
   1.0336800e+05
   1.0376500e+05
   1.0416200e+05
   1.0457400e+05
   1.0495000e+05
   1.0537200e+05
   1.0574900e+05
   1.0619400e+05
   1.0658000e+05
   1.0698400e+05
   1.0741600e+05
   1.0784300e+05
   1.0826900e+05
   1.0866500e+05
   1.0911900e+05
   1.0953200e+05
   1.0992200e+05
   1.1034800e+05
   1.1077300e+05
   1.1119600e+05
   1.1161300e+05
   1.1200900e+05
   1.1243000e+05
   1.1288700e+05
   1.1331700e+05
   1.1378800e+05
   1.1423400e+05
   1.1466300e+05
   1.1511100e+05
   1.1552600e+05
   1.1593100e+05
   1.1636200e+05
   1.1678900e+05
   1.1720300e+05
   1.1763000e+05
   1.1807100e+05
   1.1852400e+05
   1.1895000e+05
   1.1936300e+05
   1.1976400e+05
   1.2023300e+05
   1.2071200e+05
   1.2117200e+05
   1.2161200e+05
   1.2206400e+05
   1.2251000e+05
   1.2296600e+05
   1.2344700e+05
   1.2388900e+05
   1.2430600e+05
   1.2478500e+05
   1.2522500e+05
   1.2565800e+05
   1.2608100e+05
   1.2653700e+05
   1.2700700e+05
   1.2749700e+05
   1.2796500e+05
   1.2841000e+05
   1.2888900e+05
   1.2930700e+05
   1.2977800e+05
   1.3024400e+05
   1.3067400e+05
   1.3116500e+05
   1.3164600e+05
   1.3210600e+05
   1.3255500e+05
   1.3301200e+05
   1.3349400e+05
   1.3395700e+05
   1.3443900e+05
   1.3493100e+05
   1.3535700e+05
   1.3582900e+05
   1.3629300e+05
   1.3678500e+05
   1.3724900e+05
   1.3768700e+05
   1.3814600e+05
   1.3861200e+05
   1.3908900e+05
   1.3957400e+05
   1.4005700e+05
   1.4055900e+05
   1.4103100e+05
   1.4154900e+05
   1.4202600e+05
   1.4250200e+05
   1.4299600e+05
   1.4346200e+05
   1.4396300e+05
   1.4444500e+05
   1.4493400e+05
   1.4538400e+05
   1.4586100e+05
   1.4641000e+05
   1.4690900e+05
   1.4736800e+05
   1.4788600e+05
   1.4834600e+05
   1.4885400e+05
   1.4935100e+05
   1.4980900e+05
   1.5033400e+05
   1.5082600e+05
   1.5131700e+05
   1.5182500e+05
   1.5230500e+05
   1.5284700e+05
   1.5335900e+05
   1.5384300e+05
   1.5430400e+05
   1.5479900e+05
   1.5532700e+05
   1.5581100e+05
   1.5629000e+05
   1.5681400e+05
   1.5735800e+05
   1.5784600e+05
   1.5837000e+05
   1.5883800e+05
   1.5931700e+05
   1.5979100e+05
   1.6031600e+05
   1.6082100e+05
   1.6131400e+05
   1.6183900e+05
   1.6231600e+05
   1.6284500e+05
   1.6332500e+05
   1.6384700e+05
   1.6437300e+05
   1.6489200e+05
   1.6541000e+05
   1.6597100e+05
   1.6648400e+05
   1.6699200e+05
   1.6749900e+05
   1.6803200e+05
   1.6850200e+05
   1.6903500e+05
   1.6957700e+05
   1.7008900e+05
   1.7058600e+05
   1.7105700e+05
   1.7156900e+05
   1.7211900e+05
   1.7262600e+05
   1.7315100e+05
   1.7368300e+05
   1.7420800e+05
   1.7472300e+05
   1.7523000e+05
   1.7576100e+05
   1.7631800e+05
   1.7689000e+05
   1.7740500e+05
   1.7792900e+05
   1.7846700e+05
   1.7901400e+05
   1.7956700e+05
   1.8010700e+05
   1.8061500e+05
   1.8115000e+05
   1.8166100e+05
   1.8221400e+05
   1.8276300e+05
   1.8334700e+05
   1.8390200e+05
   1.8442400e+05
   1.8500600e+05
   1.8554900e+05
   1.8610000e+05
   1.8667800e+05
   1.8718400e+05
   1.8772900e+05
   1.8823100e+05
   1.8880300e+05
   1.8934000e+05
   1.8985600e+05
   1.9040600e+05
   1.9095200e+05
   1.9148500e+05
   1.9207200e+05
   1.9260900e+05
   1.9315000e+05
   1.9369800e+05
   1.9424000e+05
   1.9479000e+05
   1.9533500e+05
   1.9589800e+05
   1.9645400e+05
   1.9703200e+05
   1.9761300e+05
   1.9816200e+05
   1.9871700e+05
   1.9926200e+05
   1.9980200e+05
   2.0037000e+05
   2.0094200e+05
   2.0147900e+05
   2.0201700e+05
   2.0257000e+05
   2.0311300e+05
   2.0370300e+05
   2.0426800e+05
   2.0479100e+05
   2.0535300e+05
   2.0597800e+05
   2.0656900e+05
   2.0712800e+05
   2.0775900e+05
   2.0834800e+05
   2.0893000e+05
   2.0946800e+05
   2.1004600e+05
   2.1065800e+05
   2.1127000e+05
   2.1182300e+05
   2.1236900e+05
   2.1296700e+05
   2.1355500e+05
   2.1407300e+05
   2.1464800e+05
   2.1522500e+05
   2.1575200e+05
   2.1634400e+05
   2.1689200e+05
   2.1750900e+05
   2.1808100e+05
   2.1866300e+05
   2.1928100e+05
   2.1985900e+05
   2.2043500e+05
   2.2107200e+05
   2.2163100e+05
   2.2220100e+05
   2.2277500e+05
   2.2338900e+05
   2.2398500e+05
   2.2456900e+05
   2.2517300e+05
   2.2578300e+05
   2.2639100e+05
   2.2697900e+05
   2.2756100e+05
   2.2817600e+05
   2.2877100e+05
   2.2936300e+05
   2.2997900e+05
   2.3055400e+05
   2.3110600e+05
   2.3172000e+05
   2.3231100e+05
   2.3288800e+05
   2.3350800e+05
   2.3407500e+05
   2.3464900e+05
   2.3525200e+05
   2.3581700e+05
   2.3645700e+05
   2.3705700e+05
   2.3769500e+05
   2.3831200e+05
   2.3894400e+05
   2.3952300e+05
   2.4013400e+05
   2.4075400e+05
   2.4137600e+05
   2.4197300e+05
   2.4259000e+05
   2.4317200e+05
   2.4376500e+05
   2.4439600e+05
   2.4502200e+05
   2.4568600e+05
   2.4630100e+05
   2.4691500e+05
   2.4757600e+05
   2.4823400e+05
   2.4887800e+05
   2.4949000e+05
   2.5009700e+05
   2.5073400e+05
   2.5138900e+05
   2.5200600e+05
   2.5261600e+05
   2.5325500e+05
   2.5388200e+05
   2.5450800e+05
   2.5513600e+05
   2.5573200e+05
   2.5639600e+05
   2.5706100e+05
   2.5771700e+05
   2.5841700e+05
   2.5907500e+05
   2.5977100e+05
   2.6040700e+05
   2.6103600e+05
   2.6171600e+05
   2.6235700e+05
   2.6299500e+05
   2.6360700e+05
   2.6422200e+05
   2.6485100e+05
   2.6549900e+05
   2.6612900e+05
   2.6677500e+05
   2.6739900e+05
   2.6809300e+05
   2.6868600e+05
   2.6929600e+05
   2.6994400e+05
   2.7057600e+05
   2.7127600e+05
   2.7189000e+05
   2.7255200e+05
   2.7315500e+05
   2.7379400e+05
   2.7445000e+05
   2.7510500e+05
   2.7578500e+05
   2.7646200e+05
   2.7715100e+05
   2.7779900e+05
   2.7844700e+05
   2.7905900e+05
   2.7973500e+05
   2.8045000e+05
   2.8110600e+05
   2.8179900e+05
   2.8247000e+05
   2.8314900e+05
   2.8381700e+05
   2.8445000e+05
   2.8513300e+05
   2.8581200e+05
   2.8653500e+05
   2.8720400e+05
   2.8792800e+05
   2.8861300e+05
   2.8924200e+05
   2.8994400e+05
   2.9063000e+05
   2.9134300e+05
   2.9202600e+05
   2.9270000e+05
   2.9339400e+05
   2.9402900e+05
   2.9470300e+05
   2.9538400e+05
   2.9604300e+05
   2.9673700e+05
   2.9743100e+05
   2.9812100e+05
   2.9873800e+05
   2.9945100e+05
   3.0003500e+05
   3.0071500e+05
   3.0138100e+05
   3.0204700e+05
   3.0278600e+05
   3.0345800e+05
   3.0414500e+05
   3.0485500e+05
   3.0553400e+05
   3.0624600e+05
   3.0694500e+05
   3.0769400e+05
   3.0834100e+05
   3.0903900e+05
   3.0972000e+05
   3.1042600e+05
   3.1116900e+05
   3.1188900e+05
   3.1257100e+05
   3.1326900e+05
   3.1401100e+05
   3.1468800e+05
   3.1541700e+05
   3.1610200e+05
   3.1681200e+05
   3.1750200e+05
   3.1822600e+05
   3.1892800e+05
   3.1965900e+05
   3.2035000e+05
   3.2103200e+05
   3.2168600e+05
   3.2239800e+05
   3.2312300e+05
   3.2381500e+05
   3.2454300e+05
   3.2526200e+05
   3.2596800e+05
   3.2666300e+05
   3.2738400e+05
   3.2810900e+05
   3.2880700e+05
   3.2952600e+05
   3.3027200e+05
   3.3097900e+05
   3.3164900e+05
   3.3232600e+05
   3.3299500e+05
   3.3369600e+05
   3.3441700e+05
   3.3511000e+05
   3.3582800e+05
   3.3655800e+05
   3.3728800e+05
   3.3799400e+05
   3.3873800e+05
   3.3948400e+05
   3.4021000e+05
   3.4087700e+05
   3.4160600e+05
   3.4230500e+05
   3.4303400e+05
   3.4378700e+05
   3.4452600e+05
   3.4520100e+05
   3.4595000e+05
   3.4665100e+05
   3.4734700e+05
   3.4809300e+05
   3.4885100e+05
   3.4958600e+05
   3.5032100e+05
   3.5105900e+05
   3.5179700e+05
   3.5252800e+05
   3.5324300e+05
   3.5394700e+05
   3.5470200e+05
   3.5544000e+05
   3.5616300e+05
   3.5691400e+05
   3.5768900e+05
   3.5837200e+05
   3.5912300e+05
   3.5982700e+05
   3.6058400e+05
   3.6134000e+05
   3.6206400e+05
   3.6279800e+05
   3.6355400e+05
   3.6431000e+05
   3.6504600e+05
   3.6580100e+05
   3.6656200e+05
   3.6731100e+05
   3.6808000e+05
   3.6881300e+05
   3.6947400e+05
   3.7024200e+05
   3.7101200e+05
   3.7178900e+05
   3.7251400e+05
   3.7327600e+05
   3.7403800e+05
   3.7476300e+05
   3.7549700e+05
   3.7625000e+05
   3.7702000e+05
   3.7777000e+05
   3.7850700e+05
   3.7924500e+05
   3.7997400e+05
   3.8074400e+05
   3.8148900e+05
   3.8227900e+05
   3.8307300e+05
   3.8381500e+05
   3.8460100e+05
   3.8538000e+05
   3.8612900e+05
   3.8690800e+05
   3.8772000e+05
   3.8846800e+05
   3.8923000e+05
   3.9002400e+05
   3.9079000e+05
   3.9154500e+05
   3.9230700e+05
   3.9308500e+05
   3.9385500e+05
   3.9467900e+05
   3.9543900e+05
   3.9622600e+05
   3.9702000e+05
   3.9782200e+05
   3.9858300e+05
   3.9938200e+05
   4.0019300e+05
   4.0093600e+05
   4.0169700e+05
   4.0246700e+05
   4.0325800e+05
   4.0404700e+05
   4.0483100e+05
   4.0563900e+05
